-348 -313 -168 30 
-90 -134 47 127 
-176 -99 -100 11 
-269 -70 -181 -77 
93 -33 207 195 
72 42 133 -51 
39 71 -61 -259 
189 135 220 -152 
201 173 57 -101 
320 225 -169 303 
2068 2061 1346 1 
2541 2227 1790 361 
2550 2221 1761 316 
2639 2307 1848 392 
2572 2289 1753 223 
2548 2252 1741 337 
2630 2268 1850 413 
2624 2271 1816 433 
2650 2342 1846 464 
2616 2345 1795 421 
496 640 334 142 
0 0 0 0 
0 0 0 0 
0 0 0 0 
0 0 0 0 
273 286 80 13 
35 36 1 2 
0 0 0 0 
0 0 0 0 
0 0 0 0 
0 0 0 0 
0 0 0 0 
0 0 0 0 
59 41 41 18 
41 34 30 13 
0 0 0 0 
29 0 1 1 
0 0 0 0 
17 107 0 0 
235 227 177 112 
507 313 460 316 
141 145 2 283 
0 0 0 0 
0 0 0 0 
70 105 46 22 
374 369 262 105 
777 674 602 390 
1369 1043 1017 753 
-41 -106 -36 -41 
28 4 28 34 
0 0 0 0 
-29 2 -19 4 
-37 -11 -32 -5 
97 94 68 76 
0 0 0 0 
331 213 287 163 
260 142 189 135 
0 0 0 0 
0 0 0 0 
0 0 0 0 
0 0 0 0 
-89 -1 -83 -13 
0 0 0 0 
-93 -24 -60 -15 
-67 -101 -20 0 
22 4 11 14 
13 8 4 0 
23 15 28 18 
8 5 1 1 
-708 -802 -539 -236 
-323 -345 -245 -121 
-165 -178 -138 -59 
-71 -79 -60 -24 
0 0 0 0 
41 42 39 5 
69 44 68 7 
81 44 84 11 
82 44 99 12 
1312 1654 915 238 
1564 1839 1025 259 
1728 1965 1156 341 
1853 2084 1247 379 
1964 2169 1323 430 
2050 2244 1385 461 
2132 2293 1443 485 
2207 2349 1479 513 
2263 2379 1528 517 
2323 2422 1568 536 
2401 2431 1670 650 
2455 2447 1855 665 
2539 2451 1974 858 
2563 2463 2250 946 
2601 3166 2704 2875 
2922 3292 2781 2934 
3061 3370 2831 2950 
3148 3442 2888 3002 
3245 3518 2921 3011 
3361 3597 2998 3063 
3433 3663 3061 3111 
3517 3719 3125 3159 
3607 3784 3183 3209 
3683 3842 3238 3240 
3746 3879 3284 3291 
3803 3917 3323 3373 
3868 3949 3382 3473 
3944 3971 3485 3504 
4020 3972 3610 3573 
6120 6018 6088 6177 
6247 6151 6106 6226 
6263 6152 6166 6242 
6391 6156 6192 6276 
6424 6156 6226 6289 
6490 6206 6260 6315 
6532 6236 6288 6338 
6576 6280 6317 6353 
6613 6305 6343 6367 
6643 6364 6358 6389 
6667 6391 6385 6393 
6696 6470 6398 6394 
6714 6489 6412 6399 
6731 6489 6414 6400 
6747 6493 6418 6402 
6753 6495 6419 6404 
6754 6496 6426 6407 
6754 6497 6428 6407 
6754 6497 6437 6411 
6755 6498 6451 6421 
6755 6499 6466 6448 
6755 6499 6473 6457 
6755 6499 6508 6458 
6755 6500 6514 6461 
6755 6500 6556 6465 
6755 6500 6557 6466 
6783 6500 6558 6471 
6828 6500 6558 6472 
105 74 126 13 
38 41 34 9 
-78 -17 -77 -37 
168 229 5 323 
133 44 72 12 
89 62 27 82 
11 50 12 -19 
28 112 -19 -48 
7 125 -57 -48 
38 83 -29 -53 
-44 85 -71 -135 
118 150 96 104 
39 47 21 -17 
59 61 48 92 
-40 41 -71 -102 
16 69 13 -9 
-12 43 -40 -75 
30 69 27 -9 
133 116 94 110 
9 39 3 -28 
10 37 22 24 
-48 24 -44 -18 
32 57 8 -23 
-11 24 -48 -56 
67 53 25 22 
-20 16 -9 -26 
2 38 -13 -27 
-55 8 -94 -103 
75 58 22 28 
112 82 59 -55 
7 -5 4 -131 
65 19 53 37 
4 0 -13 -87 
681 199 547 437 
127 -12 240 144 
218 13 373 271 
0 0 0 0 
43 -57 34 -58 
0 0 0 0 
