2000 
-45 
-110 
177 
-20 
119 
109 
235 
428 
54 
75 
41 
55 
198 
379 
52 
79 
-15 
81 
192 
378 
30 
71 
177 
194 
127 
382 
37 
-19 
80 
88 
117 
154 
31 
20 
188 
164 
313 
505 
0 
-199 
-97 
-267 
0 
-52 
-228 
-2000 
-2000 
131 
0 
-32 
-20 
-23 
-66 
-64 
-60 
-82 
-87 
-110 
-113 
-65 
-72 
-65 
-21 
-12 
-7 
17 
27 
51 
116 
0 
-31 
-73 
-56 
-102 
-130 
-146 
-193 
-192 
-308 
-151 
-67 
-6 
-44 
36 
68 
94 
144 
153 
94 
-450 
-289 
110 
226 
-407 
-26 
74 
-164 
20 
-134 
-85 
-34 
17 
0 
0 
-157 
-48 
40 
77 
110 
0 
138 
27 
97 
-5 
-17 
-40 
-26 
-45 
-18 
-62 
-72 
-12 
-10 
2 
-27 
-13 
-33 
-20 
37 
19 
6 
-12 
-7 
-22 
37 
25 
17 
-13 
15 
56 
28 
33 
-3 
60 
42 
40 
65 
-34 
0 
